0.903090 21.000000 10.000000 24.000000 11.000000 0.722015
0.903090 21.000000 10.000000 1177.000000 11.000000 0.742785
0.903090 19.000000 9.000000 22.000000 10.000000 0.699151
0.903090 19.000000 9.000000 1244.000000 10.000000 0.755622
0.903090 21.000000 10.000000 26.000000 11.000000 0.710435
0.903090 23.000000 11.000000 1179.000000 12.000000 0.732024
0.903090 17.000000 8.000000 23.000000 9.000000 0.730834
0.903090 19.000000 9.000000 25.000000 10.000000 0.727436
0.903090 21.000000 10.000000 1153.000000 11.000000 0.854672
0.903090 29.000000 14.000000 30.000000 15.000000 0.688646
0.903090 19.000000 9.000000 24.000000 10.000000 0.681466
0.903090 25.000000 12.000000 26.000000 13.000000 0.753066
